Peer_Pressure,Anxiety,Lung_Cancer,Smoking,Born_an_Even_Day,Yellow_Fingers,Genetics,Allergy,Coughing,Car_Accident,Attention_Disorder,Fatigue
0,1,1,1,0,1,0,0,0,0,0,0
1,1,1,1,1,1,0,0,1,0,0,1
1,1,0,1,0,1,0,0,0,0,0,0
0,0,0,0,1,0,0,0,0,1,1,0
1,1,0,1,0,1,0,0,1,1,0,1
0,0,1,1,0,1,0,0,0,1,0,1
0,1,1,1,0,1,0,0,1,1,0,1
0,1,1,1,0,1,0,0,1,1,0,1
0,0,1,0,1,1,1,1,1,1,1,1
0,1,1,0,0,0,1,0,0,0,0,0
0,1,1,1,1,1,0,0,1,1,1,1
0,1,0,1,1,1,0,0,1,0,0,1
0,0,1,1,0,1,0,0,1,1,0,1
0,1,1,0,0,0,1,1,1,1,0,1
1,1,1,1,0,1,0,0,1,1,0,1
0,1,1,1,0,1,0,0,0,1,0,0
1,1,1,1,1,1,0,0,0,0,0,0
0,1,1,1,0,1,0,0,0,0,0,0
0,1,1,1,0,1,0,1,1,1,0,1
0,1,1,1,1,1,0,1,1,1,0,1
1,1,1,1,1,1,0,0,0,0,0,0
0,0,0,0,1,0,0,0,0,1,1,1
0,1,1,1,1,1,0,1,1,1,0,1
0,1,1,1,1,1,1,0,1,0,1,1
0,0,0,0,0,0,0,0,0,0,0,0
0,1,1,1,0,1,0,0,1,0,0,1
0,1,1,1,1,1,0,0,1,1,0,1
0,1,1,1,1,0,0,0,1,0,0,1
0,1,1,1,0,1,0,0,1,1,1,1
0,0,1,0,1,0,0,1,1,1,0,1
0,1,1,0,0,1,0,1,1,1,0,1
0,1,1,1,0,1,0,0,0,0,0,1
0,0,0,0,1,1,0,0,0,0,1,0
1,0,1,1,1,1,0,1,1,1,0,1
0,1,1,1,0,1,1,0,0,0,0,0
0,0,1,0,0,0,1,0,0,0,1,0
1,1,1,1,0,1,0,0,1,0,0,1
0,1,0,1,0,1,0,0,0,0,0,0
0,0,0,0,1,0,0,0,0,1,0,0
0,1,1,1,0,1,1,0,1,1,0,0
0,1,1,1,1,1,0,0,1,1,0,0
1,1,1,1,1,1,0,0,1,1,1,1
1,1,1,1,0,1,0,0,1,1,0,1
0,1,0,0,0,0,0,0,0,1,1,1
0,0,1,1,1,1,0,0,1,0,0,1
1,0,0,1,0,1,0,0,0,1,0,1
0,0,1,0,0,0,0,0,1,1,0,1
0,0,1,0,1,0,0,0,1,0,1,0
0,0,0,1,1,1,0,1,0,0,0,0
0,1,1,1,0,1,0,1,1,1,1,1
1,0,1,1,1,1,0,0,1,0,0,0
0,1,1,1,0,1,0,0,1,1,0,1
0,1,0,1,0,1,0,0,0,0,0,0
0,0,1,1,1,1,0,1,1,1,1,1
0,1,1,1,1,1,0,0,1,1,1,1
1,0,1,1,1,1,0,0,0,1,1,0
0,1,1,1,1,1,0,0,0,1,0,0
0,0,0,0,1,1,0,0,1,0,0,0
1,1,0,0,1,0,0,0,0,0,0,0
1,1,1,1,0,1,1,0,1,1,0,1
0,1,1,1,1,1,0,0,1,0,0,0
1,1,1,1,1,1,0,0,1,1,0,1
0,0,1,1,1,1,0,0,1,1,0,1
1,0,1,1,0,1,1,0,1,1,0,1
0,1,1,1,1,1,0,0,1,1,0,1
0,1,1,1,1,1,0,0,1,0,0,1
0,1,1,1,1,1,0,0,0,1,0,1
1,1,1,1,0,1,0,0,1,0,1,1
0,0,0,0,0,1,0,1,1,1,0,1
1,0,1,1,1,1,0,0,0,1,1,1
0,0,0,1,1,1,0,1,1,1,0,1
0,0,1,0,0,0,1,0,1,1,1,1
1,1,1,1,0,1,0,0,1,0,0,0
0,1,1,1,0,1,0,0,1,1,0,1
0,1,1,1,1,1,0,0,1,1,0,1
0,0,1,1,0,1,1,0,0,1,1,1
1,1,1,1,1,1,0,0,1,1,0,1
0,1,1,1,0,1,0,0,1,1,1,1
0,0,0,0,1,1,0,0,0,1,0,1
0,0,0,1,1,1,0,0,0,0,0,0
0,0,1,1,0,1,1,1,1,0,0,1
0,1,1,1,0,1,1,0,0,1,0,0
1,1,1,1,0,1,0,0,1,1,1,1
1,0,0,0,1,0,0,1,1,0,0,1
1,1,1,1,0,1,0,0,0,0,0,1
0,1,1,1,1,1,0,0,1,1,1,1
1,1,0,1,1,1,0,1,0,1,1,0
0,0,0,0,1,0,0,1,1,0,0,0
0,1,0,0,0,0,0,0,0,1,0,1
0,1,0,1,0,1,0,1,1,1,0,1
0,1,1,1,0,1,0,0,0,0,0,0
1,1,0,1,1,1,0,0,0,1,0,1
0,1,1,1,0,1,0,0,1,1,1,1
0,0,1,0,1,0,1,0,1,1,1,1
0,1,1,1,1,1,0,1,1,0,0,1
0,1,1,1,0,1,0,1,1,1,1,1
0,1,1,1,0,0,0,0,0,0,0,0
0,1,1,1,1,1,0,0,1,1,0,1
1,0,0,0,0,0,0,0,0,0,1,0
0,1,1,1,0,1,0,1,1,1,1,1
0,1,1,1,0,1,0,0,0,0,0,0
1,1,0,1,1,1,0,1,1,1,0,0
0,1,1,1,0,1,0,0,1,1,1,1
1,1,1,1,1,1,0,1,1,1,0,1
0,1,1,1,1,1,1,1,1,1,1,1
0,0,0,0,1,1,0,0,0,1,1,0
0,1,1,0,0,0,1,0,1,0,0,1
1,0,1,0,0,0,1,1,1,1,1,1
0,0,0,1,0,1,0,1,1,0,0,0
0,0,0,1,1,1,0,1,1,1,0,1
0,1,0,0,0,0,0,1,1,1,0,1
0,1,1,1,0,1,0,1,1,1,0,1
1,1,1,1,0,1,0,1,1,0,0,0
0,1,1,1,1,1,0,0,1,0,0,1
0,0,0,0,1,1,0,0,0,0,0,0
0,0,1,1,1,1,1,1,1,1,1,1
1,1,1,1,1,0,1,0,0,1,1,1
0,1,1,1,1,1,0,0,1,1,0,1
1,0,1,1,0,1,0,1,1,1,0,1
0,1,1,1,0,1,0,0,1,1,0,1
0,1,1,1,1,1,0,0,1,1,1,1
0,1,1,1,1,1,0,0,1,1,1,1
1,1,1,1,0,1,0,0,1,1,1,1
0,1,0,0,1,0,0,0,0,0,1,0
0,0,1,1,0,1,0,0,1,0,0,1
0,0,1,0,1,0,1,0,1,1,1,1
0,1,1,1,1,1,0,1,1,1,0,1
0,1,1,0,0,0,0,1,1,1,0,1
0,1,0,0,0,0,0,0,0,0,0,0
0,1,1,0,1,1,0,1,1,1,0,1
0,0,1,1,0,1,0,1,1,1,0,1
1,0,1,1,1,1,0,1,1,1,0,1
0,1,1,1,0,1,0,0,1,1,1,1
1,1,1,1,0,1,0,1,1,1,0,1
0,0,1,1,1,1,0,0,1,1,0,1
0,0,0,0,0,1,0,0,0,1,0,1
0,1,1,1,0,1,0,1,1,1,0,1
0,1,1,1,1,1,0,1,1,1,0,1
0,1,1,1,1,1,0,0,1,1,0,1
0,1,1,1,0,1,0,1,1,1,1,1
1,0,1,1,1,1,1,1,1,1,1,1
0,0,1,0,1,0,0,0,1,1,0,1
1,0,1,1,1,1,1,1,1,1,1,1
1,0,1,1,0,1,0,0,1,0,1,1
1,1,1,1,1,1,0,0,1,0,0,0
0,1,1,1,0,1,0,0,1,1,1,1
0,1,1,1,1,1,0,0,0,1,0,1
1,1,0,1,1,1,0,1,0,1,1,1
0,0,1,1,1,1,0,0,1,1,0,1
0,1,1,1,1,1,0,1,1,1,0,1
0,1,1,1,0,1,0,0,0,0,0,0
0,1,1,1,1,1,1,0,1,0,0,0
1,1,1,1,0,1,0,0,1,1,0,1
0,0,1,0,1,0,0,0,1,1,0,1
0,1,1,1,0,1,0,0,1,0,0,1
1,1,1,1,0,1,0,0,1,0,0,1
0,1,1,1,0,1,0,1,1,1,1,1
1,1,1,1,0,1,0,0,0,0,0,0
0,1,1,1,0,1,0,1,1,1,1,1
0,0,1,1,1,1,0,0,1,1,1,1
1,1,1,1,0,1,0,0,1,1,0,1
0,0,0,0,0,1,0,0,0,1,1,1
0,1,0,1,0,1,0,0,0,0,0,1
1,1,1,1,1,1,0,0,0,0,0,1
0,0,1,0,1,1,1,0,1,1,0,1
1,1,1,1,1,1,0,0,1,1,0,1
1,1,0,0,1,0,0,1,0,0,0,0
0,0,1,1,1,1,1,1,1,1,1,1
0,1,1,1,0,1,0,0,1,1,0,1
1,1,1,1,1,1,0,1,1,0,0,0
1,1,1,1,0,1,1,0,1,1,1,1
1,1,1,1,0,1,0,0,1,0,0,1
0,1,1,1,1,1,0,1,1,1,0,1
0,1,1,1,0,1,0,0,1,1,1,1
1,1,1,0,0,0,0,1,1,1,0,1
1,1,1,1,1,1,0,0,1,1,0,1
1,0,1,1,0,1,0,0,1,1,1,1
1,1,1,1,1,1,0,1,1,1,0,1
0,1,0,0,1,0,0,0,0,1,0,1
0,1,1,0,1,0,0,1,1,1,0,1
0,1,1,1,0,1,0,1,1,0,0,0
0,1,0,1,1,1,0,0,0,1,0,1
0,1,0,0,0,0,0,1,1,1,1,1
1,0,1,1,0,1,0,1,1,1,0,1
0,0,0,0,1,0,0,0,1,1,0,1
1,0,1,1,1,1,1,1,1,0,0,0
0,1,1,1,0,1,0,1,1,0,0,0
1,1,1,1,1,1,1,1,1,0,0,0
0,1,1,1,1,1,0,0,1,1,0,0
0,0,0,0,1,0,0,0,0,1,1,1
0,0,1,0,1,0,1,0,1,1,1,1
0,1,1,1,1,1,0,1,1,0,0,1
1,1,1,1,1,1,0,0,1,1,0,1
1,0,1,1,1,1,0,0,1,1,1,0
0,1,0,1,0,1,0,0,1,0,0,1
0,1,1,1,1,1,1,1,1,0,1,0
0,1,0,1,1,1,0,0,1,0,0,0
0,1,1,1,1,1,0,0,1,1,0,1
0,1,0,0,1,1,0,0,0,0,0,0
1,1,0,1,0,1,0,0,0,0,0,0
1,0,1,1,0,0,0,1,1,0,0,1
0,1,0,0,0,1,0,0,0,0,0,0
1,1,1,1,0,1,0,0,1,0,0,1
0,1,1,1,0,1,1,0,1,1,1,1
1,1,1,1,0,1,0,0,1,1,0,1
1,0,1,1,0,1,1,0,1,1,1,1
0,1,0,0,0,0,0,0,0,1,0,0
0,1,0,1,0,1,0,0,0,0,0,0
0,1,1,1,1,1,0,1,1,1,1,1
0,1,0,0,1,0,0,0,0,0,0,0
0,1,0,1,0,1,0,0,0,1,0,0
0,0,1,0,0,0,0,0,1,0,0,1
1,0,1,1,0,1,0,0,1,1,0,1
0,1,0,0,1,1,0,0,0,0,0,0
1,1,1,1,0,1,0,0,1,1,1,1
1,0,0,0,0,0,0,0,0,1,0,0
0,1,1,1,1,1,1,0,0,1,1,0
0,1,1,1,1,1,0,0,1,1,0,1
0,1,1,1,1,1,0,0,1,1,1,0
1,0,1,1,0,0,0,0,1,1,0,1
0,1,1,1,0,0,0,0,0,0,0,1
0,1,1,1,1,1,1,1,1,1,0,1
0,0,1,1,0,1,1,0,0,0,1,0
0,0,0,0,1,0,0,0,0,0,0,0
0,0,0,0,0,0,0,1,0,0,1,0
0,1,1,1,1,1,0,0,1,1,0,1
0,0,1,1,1,1,0,0,1,0,0,0
0,1,1,1,0,1,0,0,1,0,0,1
1,1,1,1,1,1,0,0,1,1,0,1
0,0,1,1,0,1,0,0,1,1,0,1
1,1,1,1,1,1,0,0,1,1,0,1
0,1,1,1,0,1,0,0,1,1,1,0
0,1,1,1,1,1,1,1,1,1,1,1
0,0,1,1,1,1,0,0,1,1,1,1
1,1,1,1,1,1,0,0,1,1,1,1
0,0,1,1,0,1,0,0,1,1,0,1
0,1,1,1,1,0,0,1,1,1,0,1
1,0,0,0,1,0,0,1,1,1,1,0
0,1,0,1,0,1,0,0,0,1,1,0
0,1,1,1,0,1,0,0,1,1,1,1
0,1,0,1,1,1,0,1,1,0,0,0
0,1,1,1,0,1,0,0,1,1,1,1
0,0,1,1,1,0,1,1,1,1,1,1
1,0,1,1,0,1,1,0,1,1,0,1
0,1,1,1,1,1,0,0,1,1,1,1
0,1,1,1,1,1,0,1,1,1,0,1
1,1,1,1,0,1,0,0,0,1,0,1
0,1,1,1,0,1,0,0,1,1,0,0
0,1,1,1,1,1,0,0,1,1,0,1
1,1,1,1,1,1,0,0,1,1,1,1
0,0,0,0,1,0,0,1,1,1,1,1
0,1,1,1,0,1,1,1,1,1,1,1
1,1,1,0,0,1,0,0,1,1,1,1
1,1,0,0,0,0,0,1,1,1,1,1
0,1,0,0,0,0,0,0,0,0,1,0
0,1,1,1,1,1,0,0,1,1,1,1
1,0,1,1,1,1,0,0,1,1,0,1
0,1,1,1,0,1,1,0,1,1,1,1
0,0,1,1,0,1,1,1,1,1,1,1
1,1,0,1,0,1,0,0,0,1,0,1
0,1,1,1,0,1,1,0,1,1,1,1
1,1,1,1,1,1,0,0,1,1,0,1
0,1,1,1,0,1,0,1,1,1,1,0
0,1,1,0,1,0,1,0,1,1,1,1
0,1,0,1,1,1,0,0,0,1,1,0
1,1,1,1,1,1,0,0,1,0,0,1
0,0,0,0,0,0,0,0,0,0,0,0
1,1,1,1,1,1,0,0,1,1,0,1
0,1,1,1,0,1,0,1,1,0,0,1
0,1,1,1,1,1,0,0,1,1,0,1
0,1,1,1,0,1,0,0,0,1,1,1
0,1,1,1,0,1,0,1,1,1,0,1
1,1,1,0,1,1,0,0,1,0,0,1
0,1,0,1,1,1,0,0,1,1,0,1
0,1,1,1,1,1,0,0,1,1,0,1
0,1,1,1,0,1,0,1,1,1,1,1
0,0,1,0,1,0,1,0,1,1,0,1
0,1,1,1,0,1,0,1,1,1,0,1
1,1,0,1,0,1,0,0,0,0,0,0
0,1,1,1,0,1,0,0,1,1,0,1
0,1,0,1,1,1,0,1,1,1,1,1
1,1,1,1,0,1,0,1,1,0,0,1
0,1,1,1,1,1,0,0,0,1,0,1
0,1,1,1,1,1,0,0,1,1,0,1
0,1,1,1,0,1,0,0,1,1,0,1
1,0,1,1,1,1,0,1,1,1,1,1
1,1,1,1,1,1,0,0,1,1,0,1
1,1,1,1,1,1,0,1,1,1,1,1
0,1,0,1,1,1,0,0,0,1,1,1
1,1,1,1,1,1,0,0,1,0,0,0
0,1,1,1,0,1,0,0,1,1,0,1
0,0,1,1,0,1,0,1,1,0,0,0
0,1,1,1,1,1,0,1,1,0,0,1
1,1,1,1,0,1,0,0,1,1,0,1
0,0,1,0,0,1,1,0,1,1,1,1
0,0,1,1,1,1,0,0,1,0,0,0
1,0,1,1,0,1,1,0,0,1,1,1
0,0,1,1,1,1,0,0,1,1,1,0
0,1,0,0,1,0,0,0,0,1,1,0
0,0,0,0,0,0,0,1,1,0,0,0
1,1,1,1,1,1,0,0,1,1,0,1
0,0,1,1,1,1,0,1,1,1,0,1
0,1,0,1,1,1,0,0,0,1,1,0
0,0,0,0,0,0,0,0,0,1,0,1
0,1,1,1,0,1,1,1,1,1,1,1
1,1,1,1,1,1,0,0,1,0,0,1
1,0,1,1,0,1,0,1,1,0,0,1
0,1,1,1,0,1,0,0,0,1,0,1
0,1,0,0,0,0,0,1,1,0,0,1
1,0,1,1,1,1,1,1,1,1,1,1
0,1,1,0,1,0,1,0,0,0,0,1
1,0,1,1,1,1,0,1,1,1,0,1
1,0,1,0,0,0,0,0,0,0,0,0
0,0,1,1,1,1,0,0,0,1,0,1
0,1,0,1,0,1,0,1,1,0,0,0
0,1,0,1,1,1,0,0,0,0,0,0
1,0,1,1,1,1,0,0,1,1,0,1
1,1,0,0,0,0,1,1,0,1,1,0
0,1,1,1,0,1,0,0,0,1,0,1
1,0,1,1,1,1,1,0,1,1,1,1
0,1,0,1,0,1,0,0,0,1,0,1
1,1,0,0,0,1,0,0,0,1,0,1
0,1,0,0,0,1,0,0,0,1,0,0
0,1,1,1,1,1,0,0,1,1,1,1
1,0,1,1,0,1,0,1,1,1,0,1
1,0,1,1,0,1,0,0,1,1,0,1
0,0,1,1,1,1,0,0,1,0,0,0
0,0,0,0,0,0,0,0,0,0,0,0
1,0,1,1,0,1,0,0,1,1,0,1
0,1,1,1,0,1,0,1,1,1,0,1
1,0,1,1,0,1,0,0,1,1,0,1
0,1,0,1,1,0,0,0,0,1,1,1
0,1,0,1,1,1,0,1,1,1,1,0
0,1,1,1,1,1,0,0,1,1,0,0
0,1,1,1,0,1,1,1,1,1,1,1
1,0,1,1,1,1,0,0,1,0,0,1
0,1,1,1,0,1,0,0,1,1,0,1
0,0,0,0,1,0,0,1,0,0,0,1
0,1,1,1,1,1,0,0,0,0,0,1
0,1,1,1,1,1,0,1,1,0,0,1
0,1,1,0,1,0,0,1,1,1,0,1
0,1,1,1,0,1,0,0,1,1,1,0
0,1,1,1,0,1,0,0,1,0,0,0
0,1,1,1,0,1,1,0,1,0,0,1
0,1,1,1,1,1,0,0,1,1,0,1
0,1,1,0,0,1,0,1,1,1,0,1
0,1,1,1,0,1,0,0,1,1,1,1
0,1,1,1,1,1,0,0,1,1,1,0
0,1,1,1,0,1,0,1,1,1,1,1
0,1,1,1,1,1,0,0,1,0,0,1
0,1,0,0,0,0,0,0,1,1,0,1
1,0,1,1,1,1,0,0,1,0,0,1
0,0,1,1,1,1,0,0,1,0,0,1
1,1,1,1,0,1,0,1,1,1,0,1
0,0,1,1,1,1,0,0,1,0,0,0
0,0,0,0,1,0,0,0,1,1,0,1
0,1,1,0,0,1,1,0,1,1,1,1
1,0,1,1,0,1,1,0,1,1,0,1
1,1,1,1,0,1,0,0,1,1,0,1
0,0,0,0,1,0,0,0,0,1,0,1
0,1,1,1,0,1,0,0,1,1,0,1
0,0,1,1,0,1,0,1,1,0,0,1
0,1,1,1,0,1,1,0,1,1,1,1
0,1,1,1,1,1,1,1,1,1,1,1
1,1,1,1,1,1,0,0,1,1,1,1
0,0,1,1,1,1,0,0,1,1,0,1
0,1,1,1,1,1,0,1,1,1,1,1
1,1,1,1,0,1,1,0,1,1,1,1
0,0,1,0,0,0,0,0,1,0,0,0
0,1,1,1,1,1,1,1,1,1,0,1
1,0,1,1,1,1,0,1,1,1,0,1
1,0,0,0,0,0,0,0,0,0,0,0
1,0,1,1,1,1,0,0,1,1,0,1
0,1,0,1,1,1,0,0,0,0,0,0
0,0,1,1,0,1,0,1,1,1,0,1
0,0,1,1,0,1,0,0,1,0,0,1
0,1,1,1,1,1,0,0,0,1,0,1
0,1,1,1,1,1,0,0,1,1,0,1
0,1,0,0,0,0,0,1,0,0,0,1
1,1,1,1,0,1,0,0,1,1,0,1
0,1,0,0,0,0,0,0,0,0,0,0
0,1,1,1,0,1,0,0,0,1,0,1
1,0,1,1,1,1,0,0,1,1,0,1
0,0,1,0,0,0,1,1,1,1,1,1
0,0,1,1,1,1,0,0,1,1,0,1
0,0,1,1,0,1,0,0,0,1,0,1
0,1,1,1,1,1,1,1,1,1,0,1
1,1,1,1,0,1,0,1,1,1,0,1
1,1,0,0,1,0,0,0,0,1,0,1
0,1,1,1,0,1,0,1,1,1,0,1
1,0,1,1,1,1,0,0,1,1,0,1
1,0,0,0,1,0,0,0,0,1,0,1
0,1,0,1,0,1,0,0,1,1,1,1
0,0,0,0,0,0,0,1,0,1,1,1
0,0,1,0,1,0,1,0,1,1,0,1
1,0,0,0,0,1,0,1,0,1,0,1
0,0,0,0,0,1,0,1,1,1,0,1
1,1,1,1,0,1,0,0,1,1,0,1
1,0,0,0,0,0,0,0,0,0,0,0
0,0,1,1,0,1,1,0,1,1,1,1
0,1,0,0,0,1,0,0,0,1,1,1
0,0,1,0,0,0,1,0,0,1,1,1
0,1,1,1,1,0,1,0,1,0,0,0
0,0,0,0,0,0,0,0,0,0,0,0
0,1,1,1,1,1,0,0,1,1,0,1
0,0,0,0,0,0,0,0,0,0,0,0
0,0,0,0,1,0,0,0,0,0,0,0
0,1,1,1,1,1,0,0,1,1,0,1
0,1,0,1,0,1,0,0,0,1,0,1
0,1,0,1,1,1,0,1,0,1,0,1
0,1,1,1,1,1,0,0,1,1,0,1
0,0,1,1,1,1,0,0,1,1,0,1
1,1,1,1,1,1,1,0,1,1,0,1
1,0,1,1,1,1,0,0,1,1,1,1
0,0,0,0,1,0,0,1,1,1,0,1
0,0,0,0,0,1,0,1,1,1,1,1
1,1,1,1,0,1,0,0,1,1,1,0
0,1,1,1,1,1,0,1,1,1,1,1
0,0,1,1,0,1,1,1,1,1,1,1
0,0,1,1,0,1,0,1,1,1,1,1
0,1,1,1,0,1,0,0,1,1,0,1
1,0,1,1,0,1,0,0,1,1,1,1
1,0,1,1,0,1,1,1,1,1,1,1
0,1,1,1,0,1,1,1,1,1,1,1
0,1,1,1,1,1,1,1,1,1,1,1
0,1,1,1,1,1,1,0,0,1,0,1
1,0,1,1,1,1,0,0,1,1,1,1
0,1,1,1,1,1,1,0,1,1,1,1
0,0,1,1,1,1,0,1,1,0,0,1
1,0,1,1,0,1,0,0,1,1,1,1
0,1,1,1,0,1,0,1,1,0,0,1
1,1,1,1,0,1,0,0,1,0,0,1
0,1,1,1,0,1,0,0,1,1,0,0
0,0,1,1,0,1,0,0,1,0,1,1
1,1,1,1,0,1,0,0,1,1,0,1
1,1,1,1,0,0,0,0,1,1,1,1
0,1,1,1,0,1,0,0,1,1,0,1
0,0,1,0,0,0,0,0,0,0,0,1
0,1,1,1,1,1,0,0,1,1,1,1
1,1,1,1,1,1,0,0,1,1,0,0
0,1,1,1,0,1,0,0,1,1,1,1
1,0,1,1,0,1,0,0,0,1,0,1
1,1,1,1,0,1,0,0,0,0,0,0
0,1,1,1,1,1,0,0,1,1,1,1
0,1,1,1,0,1,0,0,1,0,1,1
0,1,1,1,0,1,0,0,1,0,0,1
1,0,1,1,0,0,1,1,1,1,0,1
1,1,0,1,1,1,0,0,0,0,0,1
0,1,0,0,1,0,0,0,0,1,1,0
0,1,1,1,1,1,0,0,1,1,1,1
1,1,1,1,1,1,0,1,1,1,0,1
0,1,1,1,0,1,0,0,1,0,0,0
0,0,1,0,1,0,1,0,1,1,1,0
1,1,0,1,0,1,0,1,0,0,0,0
0,1,1,1,1,1,1,1,1,0,0,1
1,1,0,1,1,1,1,1,1,1,0,1
0,1,1,1,1,1,0,0,1,1,1,1
0,1,1,1,1,1,0,0,1,1,0,1
0,1,1,1,0,1,0,0,1,1,0,1
0,0,1,1,1,1,0,0,1,1,1,1
1,0,1,1,0,0,0,1,1,1,1,1
0,1,1,1,0,1,0,0,1,1,0,1
0,1,1,1,0,1,1,0,1,1,1,1
0,1,0,1,1,1,0,0,0,1,1,1
0,0,1,0,1,0,0,1,1,0,0,1
1,1,1,1,0,1,0,0,1,1,0,0
0,1,1,1,0,1,1,0,1,1,1,1
1,1,1,1,0,1,0,0,1,1,1,1
0,0,1,1,0,1,0,0,1,1,0,1
1,1,0,1,0,1,0,0,0,0,0,0
0,1,1,1,1,1,0,1,1,0,0,1
0,1,1,1,0,1,1,1,1,1,0,1
0,1,1,1,1,1,0,0,1,1,1,1
0,1,1,1,0,1,0,1,1,1,0,1
0,0,0,0,1,1,0,1,1,1,1,1
0,1,0,1,0,1,0,0,0,0,0,1
0,1,1,1,1,1,0,0,1,0,0,1
0,1,1,1,0,1,1,1,1,1,1,1
1,1,1,1,1,1,0,1,1,1,0,0
1,1,1,1,1,1,0,0,1,1,0,1
1,0,0,1,1,1,0,0,0,0,0,1
0,1,1,0,0,0,0,0,0,1,1,1
1,1,1,1,0,0,0,0,1,0,0,0
0,1,1,1,1,1,0,0,1,1,0,1
0,1,1,1,1,1,0,0,0,0,0,0
0,1,1,1,1,1,0,0,1,0,0,0
1,0,1,1,0,1,0,1,1,1,0,1
0,1,1,1,1,1,0,1,1,1,0,1
0,0,0,0,0,1,0,0,0,1,0,0
0,1,0,0,0,0,0,1,0,0,1,0
0,1,1,1,0,1,0,0,1,0,0,1
0,1,1,1,0,1,0,0,1,0,0,0
0,1,1,1,1,1,1,0,1,0,1,1
0,1,1,1,1,1,0,1,1,1,1,1
0,1,1,1,0,1,1,0,0,1,1,0
1,1,1,1,1,1,0,0,1,1,0,1
1,0,0,0,1,1,0,0,0,0,1,0
1,1,1,1,1,1,0,0,1,0,0,0
1,0,1,1,1,1,0,1,1,1,0,1
0,1,1,1,1,1,0,1,1,1,0,1
0,1,0,0,1,0,0,0,0,1,1,0
1,0,1,1,0,1,0,1,1,1,0,1
0,1,1,1,0,1,0,0,1,1,1,1
1,0,1,1,1,1,1,0,1,1,1,0
0,1,1,1,0,1,0,0,1,1,0,1
1,1,1,1,1,1,0,1,1,1,0,1
0,0,1,0,1,0,0,1,1,0,1,1
1,0,0,1,1,1,0,1,1,1,0,1
0,0,0,0,0,0,0,1,1,1,1,1
0,1,1,1,1,1,0,0,1,1,0,1
1,0,1,1,1,1,0,0,0,0,0,0
1,1,1,1,1,1,0,0,1,1,0,0
0,0,1,0,1,0,1,1,1,1,1,1
1,1,0,0,0,0,0,1,0,1,0,1
1,0,0,0,0,1,0,0,0,1,1,1
0,1,1,1,0,1,0,0,1,1,0,1
0,1,0,0,0,0,0,0,1,1,1,1
1,1,1,1,1,1,0,0,1,1,0,1
1,0,1,1,1,1,0,0,0,1,1,1
0,0,1,0,1,0,0,1,1,1,0,1
1,1,1,1,1,1,1,1,1,1,1,1
1,1,1,1,0,1,0,0,1,1,0,1
1,0,1,1,0,1,0,0,1,1,0,1
1,0,1,1,1,1,0,1,1,0,0,0
0,0,0,0,1,0,0,0,0,1,0,0
1,1,1,1,0,1,0,0,0,1,0,1
1,1,1,1,1,1,0,0,1,1,1,1
0,0,1,1,1,1,0,0,1,1,0,1
0,1,1,1,0,0,0,0,1,1,0,1
1,1,1,1,0,1,0,1,1,1,1,1
0,1,0,0,1,0,0,1,1,0,0,1
0,1,0,0,1,1,0,0,1,1,1,1
0,1,1,1,0,1,0,1,1,1,0,1
1,0,1,1,1,1,0,1,1,0,0,1
0,1,1,1,0,1,0,0,1,1,0,1
0,0,1,1,0,1,1,0,1,0,0,1
0,0,1,1,1,1,0,0,0,1,0,1
0,0,0,0,0,1,0,1,1,1,1,1
0,1,1,1,0,1,1,0,0,1,0,0
0,0,1,1,1,1,0,0,1,1,0,1
1,0,1,0,0,0,0,0,1,1,0,1
0,1,1,0,1,0,0,0,1,1,1,1
1,1,1,1,1,1,0,1,1,1,1,1
0,1,1,1,1,1,0,0,1,1,0,1
0,1,1,1,1,1,0,1,1,1,0,1
0,1,1,1,1,1,0,1,1,1,0,1
0,1,0,1,0,1,0,0,0,1,0,1
1,1,1,1,0,1,0,1,1,0,0,0
0,0,1,1,1,1,0,0,1,1,0,1
0,1,1,1,0,1,0,0,1,1,0,1
0,1,1,1,1,1,0,1,1,1,0,1
0,1,1,0,1,0,1,0,1,1,1,0
1,1,1,1,0,1,0,0,1,1,0,1
0,1,0,1,0,1,0,0,0,0,0,0
1,1,1,1,0,1,0,1,1,1,1,1
1,1,0,1,1,1,0,1,1,1,1,1
1,1,1,1,1,1,0,1,1,1,0,1
0,1,1,1,0,1,0,0,1,1,0,1
1,0,0,0,0,0,0,0,1,1,0,1
0,0,0,0,1,0,0,0,0,0,0,0
0,1,0,1,1,1,0,1,0,1,0,0
0,1,1,1,0,1,0,0,1,1,1,1
0,1,1,1,0,1,0,0,1,0,0,0
1,1,1,1,0,1,1,1,1,1,1,1
0,1,1,0,1,0,1,1,1,1,1,1
0,1,1,1,0,1,0,0,1,1,0,1
1,1,0,0,0,0,0,0,0,1,1,0
1,1,0,1,0,1,0,0,0,1,1,0
0,1,1,1,1,1,1,0,0,0,0,1
0,1,1,1,0,1,0,0,1,0,0,0
1,0,1,1,1,1,0,0,1,1,0,1
1,0,1,1,1,0,0,1,1,1,0,1
0,1,1,1,0,1,0,0,1,1,0,1
0,1,1,1,0,1,1,1,1,1,1,1
1,0,1,1,0,0,1,0,1,1,0,1
0,1,1,1,0,1,0,0,0,0,0,0
1,1,1,1,0,1,0,1,1,1,1,1
1,1,0,1,0,1,0,0,0,1,1,1
1,1,1,1,1,1,0,1,1,1,0,1
0,1,1,1,1,1,0,1,1,1,0,1
0,1,1,0,1,1,0,1,1,1,0,1
1,1,1,1,0,1,0,1,1,1,0,1
0,1,0,0,0,1,0,0,1,1,1,1
1,0,0,0,0,0,0,0,0,1,1,1
0,1,1,1,0,1,0,0,1,1,1,1
0,0,1,0,1,0,1,1,1,1,0,1
0,0,0,0,0,0,0,1,1,1,0,1
1,1,1,1,1,1,0,1,1,1,0,1
0,0,1,1,0,1,0,0,1,1,1,1
0,1,1,1,0,1,0,1,1,1,1,1
0,0,1,0,1,0,1,0,1,1,0,1
1,1,1,1,1,1,0,0,1,1,1,1
1,1,1,1,0,1,0,0,1,1,1,1
0,0,1,1,1,1,0,1,1,1,1,1
0,0,1,1,0,1,1,1,1,1,0,1
1,0,1,1,0,1,0,0,0,0,0,1
0,1,1,1,0,1,1,0,1,1,0,1
1,1,1,1,0,1,1,0,1,1,1,1
1,0,1,0,0,0,1,0,1,1,0,1
0,0,1,0,1,0,1,0,1,1,1,1
0,0,0,0,1,0,0,1,1,1,0,1
0,1,1,1,1,0,0,0,1,1,0,1
0,0,1,0,1,0,0,0,1,1,1,1
0,1,1,1,0,1,0,0,1,1,0,1
1,1,1,1,0,1,0,0,1,1,0,1
0,1,1,1,0,1,1,0,1,1,1,0
1,1,1,1,1,1,0,0,1,1,1,1
1,1,1,1,1,1,0,0,0,0,1,1
1,1,1,1,1,1,0,0,1,1,1,1
1,1,1,1,1,1,0,0,1,1,0,1
1,1,1,1,1,1,1,0,1,1,1,1
0,1,1,1,0,1,0,0,1,1,1,1
1,0,1,1,0,1,0,1,1,1,1,1
0,1,1,1,1,1,1,0,1,1,0,1
0,1,1,1,1,1,0,0,1,0,0,1
1,1,1,1,0,1,0,1,1,1,0,1
1,0,0,0,1,0,0,1,1,1,0,1
0,1,0,0,0,0,0,1,1,1,1,0
1,1,1,1,1,1,0,0,0,1,1,1
1,0,0,0,0,0,0,0,0,0,0,0
0,0,0,0,0,0,0,0,0,1,0,1
1,0,1,1,0,1,0,0,0,1,1,1
0,1,1,1,0,1,0,0,1,1,0,1
1,1,1,1,0,1,1,1,1,0,0,1
0,1,1,1,0,1,1,0,1,1,1,1
1,1,1,1,0,1,1,0,1,1,1,1
0,0,1,0,0,0,0,0,1,1,0,1
0,0,0,0,1,1,0,0,0,0,0,1
0,1,1,1,1,1,0,1,1,1,0,1
1,1,1,1,1,1,0,0,1,1,0,1
1,0,1,1,1,0,0,1,1,1,0,1
0,1,1,1,0,1,0,1,1,1,0,0
0,1,1,1,1,1,0,0,1,1,0,1
0,1,1,1,1,1,1,0,1,1,1,1
0,1,0,0,1,0,0,0,1,1,1,1
0,1,0,1,0,1,0,0,0,0,0,0
1,1,1,1,0,1,0,0,1,1,0,1
0,1,1,1,0,0,0,1,1,1,0,1
0,0,0,0,0,0,0,1,0,1,1,1
0,0,0,0,1,0,0,0,0,0,1,0
1,1,0,0,0,1,0,1,1,0,0,1
1,1,1,1,1,1,1,0,1,1,1,1
0,0,0,0,0,0,0,0,0,1,0,0
0,1,1,1,0,1,0,1,1,1,1,1
1,0,1,1,0,1,0,1,1,0,0,1
1,1,1,1,1,1,0,0,1,0,0,0
1,0,1,1,1,1,1,0,1,1,1,1
1,1,1,1,1,1,0,0,1,1,1,1
0,1,1,1,0,1,0,0,1,1,0,1
0,1,1,1,1,1,0,1,1,1,0,1
1,1,1,1,0,1,0,0,1,0,0,1
0,1,1,1,0,1,0,1,1,1,0,1
0,1,1,1,1,1,0,0,0,1,0,1
0,1,0,0,0,0,0,0,0,0,0,0
1,0,0,1,1,0,0,1,0,0,0,0
0,0,1,1,1,1,0,1,1,1,0,1
1,1,1,1,0,1,0,0,1,1,0,1
1,1,1,1,1,1,1,0,1,1,1,1
0,1,1,1,0,1,1,0,0,0,1,0
0,1,1,1,1,1,0,1,1,1,0,1
0,1,1,0,1,1,0,0,1,1,0,1
0,0,0,0,0,0,0,0,1,0,0,0
1,1,1,1,1,1,0,1,1,1,0,1
0,1,1,1,1,1,0,0,1,1,0,1
0,0,1,1,1,1,0,1,1,0,0,1
0,1,1,1,0,1,1,1,1,1,1,1
0,0,1,1,0,1,0,0,1,1,0,1
0,1,1,1,0,1,0,0,1,1,1,1
0,1,1,1,0,1,0,0,1,1,1,1
0,0,1,1,1,1,0,0,1,1,0,1
1,1,1,1,1,1,0,0,1,1,0,1
0,1,1,1,0,1,1,0,1,1,1,1
1,0,1,1,0,1,0,0,1,1,0,1
0,1,0,0,0,0,0,0,0,1,1,0
1,1,1,1,1,1,0,0,1,1,1,1
0,0,1,1,0,1,0,1,1,1,0,1
0,1,0,1,1,1,0,0,1,1,0,1
0,1,0,1,1,1,0,0,0,0,0,0
1,1,1,1,1,1,0,0,1,1,0,0
0,1,0,1,0,1,0,0,0,0,0,0
0,0,0,0,0,0,0,1,1,1,0,1
1,0,1,1,1,1,0,0,1,1,1,1
0,0,0,0,0,0,0,0,0,0,0,0
0,1,1,1,0,1,0,1,1,1,1,1
0,1,1,1,0,1,0,0,1,1,0,1
0,0,1,1,1,1,0,0,0,1,0,1
0,1,1,1,1,1,0,0,1,1,0,1
1,0,0,0,0,0,0,1,1,1,0,1
1,1,1,1,0,0,1,0,0,1,0,1
0,1,1,0,1,1,0,1,1,1,0,1
0,1,1,1,1,1,1,0,1,1,1,1
0,1,1,1,1,1,0,0,1,1,0,1
1,0,1,0,0,0,1,0,1,1,1,1
1,1,1,1,1,1,0,0,1,0,0,0
0,0,1,0,1,1,0,0,0,1,0,1
1,0,1,1,1,1,0,0,1,1,0,1
0,0,1,1,1,1,0,1,1,1,1,1
0,1,1,1,0,1,0,1,1,1,0,1
0,1,1,1,1,0,0,0,1,1,0,1
0,1,0,0,1,0,0,0,0,0,0,0
0,1,1,1,1,1,1,0,1,1,1,1
0,1,1,1,1,1,0,0,0,0,0,1
0,1,1,1,1,1,1,0,1,1,1,1
0,0,1,1,1,1,0,0,1,1,0,1
0,0,1,1,0,1,0,0,1,1,0,1
1,1,1,0,1,0,0,0,0,1,1,1
0,0,0,0,0,0,0,1,1,0,1,1
0,1,1,1,0,1,0,1,1,1,1,1
0,0,1,1,0,1,1,0,1,1,0,1
1,1,0,1,1,1,0,0,0,0,0,0
0,1,1,1,1,1,0,0,1,1,1,1
0,1,1,1,0,1,1,1,1,0,0,1
0,0,1,1,0,1,0,1,1,1,1,1
0,0,0,0,1,0,0,0,0,0,0,0
0,1,1,1,0,1,0,0,1,1,0,1
0,1,1,1,0,1,0,0,1,1,0,1
0,1,1,1,0,1,0,0,0,1,1,1
0,0,1,1,1,1,0,0,1,1,0,1
0,0,0,0,1,0,0,1,1,1,0,1
1,1,1,1,1,1,0,0,0,0,0,0
1,1,1,1,1,1,0,0,1,1,1,1
0,1,1,1,0,1,0,1,1,1,0,1
0,0,1,1,1,1,0,0,1,1,1,1
0,1,1,1,1,1,0,1,1,1,0,1
1,0,1,1,0,1,0,0,1,1,1,1
0,1,1,1,1,1,0,0,1,1,0,1
0,1,1,1,1,1,0,0,1,1,1,1
1,1,1,1,0,1,0,0,1,1,1,1
1,1,1,1,0,1,0,1,1,1,0,1
0,0,0,0,0,1,0,0,1,0,0,0
1,1,1,1,1,1,1,0,1,0,0,1
0,1,0,1,1,1,0,0,0,0,0,0
0,1,1,1,1,1,0,0,1,0,0,1
0,1,1,1,0,1,1,0,1,1,1,1
0,1,1,0,1,0,0,0,1,1,0,1
0,1,0,1,1,1,0,1,1,0,0,0
1,1,1,1,1,1,0,1,1,1,1,1
1,0,0,0,1,0,0,0,1,1,0,1
0,1,1,1,1,1,0,0,0,1,0,1
0,1,1,1,0,1,0,0,0,1,1,1
0,0,0,0,1,1,0,0,0,0,0,0
0,1,1,1,0,1,1,1,1,0,0,1
0,0,1,0,1,0,0,1,1,1,1,1
0,0,0,0,1,0,0,1,0,0,0,0
1,0,1,1,0,1,0,0,1,0,1,1
0,1,0,1,1,1,0,0,1,0,0,1
0,0,1,1,0,1,0,1,1,1,0,1
1,1,1,1,1,1,1,1,1,1,0,1
1,1,1,1,0,1,0,0,1,1,0,1
0,1,1,1,0,1,0,0,1,1,1,1
0,1,1,1,0,1,1,0,1,1,1,1
1,1,1,1,0,1,0,1,1,1,0,1
0,1,1,1,1,0,0,1,1,1,1,1
0,0,0,0,1,1,0,1,1,1,0,1
1,1,1,1,1,1,0,0,1,1,0,1
0,1,0,1,1,1,0,1,1,1,1,1
0,1,1,1,1,1,0,0,1,1,0,1
1,0,1,1,0,1,0,1,1,1,0,1
1,1,1,1,1,1,1,0,1,1,1,1
0,1,0,1,1,1,0,0,0,1,1,0
0,1,1,1,0,1,1,0,1,1,1,1
0,1,1,1,1,1,0,1,1,1,0,1
0,0,1,1,0,1,0,0,1,0,0,1
1,1,1,1,1,1,1,0,1,1,1,1
0,1,1,1,1,1,0,0,1,0,0,1
1,0,1,1,1,1,0,0,1,1,0,1
0,0,0,0,1,0,0,1,1,0,0,0
1,1,1,1,1,1,0,0,1,0,0,0
1,0,1,1,0,1,0,0,1,1,0,1
1,0,1,1,1,1,0,1,1,1,1,1
0,0,0,0,0,1,0,1,1,0,0,1
1,0,1,1,1,1,0,1,1,0,1,1
0,1,1,1,1,1,1,1,1,1,1,1
0,1,0,1,0,1,0,0,0,1,0,1
0,1,1,1,1,1,0,0,1,1,0,1
1,1,1,1,0,1,0,0,1,1,0,1
0,0,1,1,1,1,0,0,1,1,1,1
0,1,1,1,1,1,0,0,1,1,0,1
0,0,1,1,1,1,0,1,1,1,0,1
0,1,1,1,1,1,0,1,1,1,1,1
1,1,1,1,1,1,0,1,1,1,0,1
0,1,1,1,1,1,1,0,0,1,1,1
0,1,0,0,1,0,0,1,1,1,0,1
0,1,1,1,1,1,0,0,1,1,0,1
1,0,1,1,1,1,0,1,1,1,1,1
1,0,1,1,0,1,1,1,1,0,0,0
0,1,1,1,0,1,0,1,1,0,0,1
0,1,1,1,0,1,0,1,1,1,0,1
0,1,1,1,0,1,0,1,1,0,0,1
0,1,1,1,1,1,1,1,1,0,0,1
0,1,1,1,1,1,0,0,0,1,0,0
0,1,1,1,0,1,1,0,1,0,1,1
1,1,1,1,1,1,0,0,1,1,1,1
0,1,1,1,0,1,1,0,0,1,0,1
0,1,1,1,0,1,0,0,1,1,0,1
0,0,1,1,0,1,1,1,1,1,0,1
0,1,1,1,0,1,0,1,1,1,0,1
1,1,0,0,0,0,0,0,0,1,0,1
0,1,1,1,0,1,0,0,0,0,0,0
0,0,1,0,0,1,1,1,1,1,0,1
0,1,1,1,1,1,0,1,1,1,0,1
1,0,1,1,1,1,0,1,1,0,0,1
0,1,1,1,0,1,0,1,1,0,0,0
0,1,1,1,1,1,0,1,1,0,0,0
0,0,0,0,0,0,0,0,1,1,0,1
0,1,1,0,1,0,0,1,1,1,0,1
0,1,1,1,1,1,0,0,1,1,0,1
0,1,1,1,1,1,0,0,0,0,0,0
0,0,0,0,0,0,0,0,0,1,1,1
0,1,0,1,0,1,0,0,0,0,0,0
1,1,1,1,0,1,0,0,0,0,0,0
0,1,1,1,0,1,0,1,1,0,0,1
0,0,0,0,0,0,0,0,0,1,0,0
1,0,0,0,0,1,0,1,1,1,0,1
1,1,1,1,1,1,0,0,1,1,0,1
0,0,0,0,1,0,0,0,0,0,0,0
0,1,1,1,0,1,0,0,1,0,0,0
0,1,1,1,1,1,0,0,0,1,0,0
1,0,0,0,0,1,0,0,0,1,0,1
1,1,1,1,0,1,0,1,1,1,0,1
0,0,1,1,0,1,0,1,1,1,0,1
0,0,0,0,0,0,0,0,0,0,0,0
0,0,1,1,1,1,0,0,0,0,1,0
0,1,1,1,0,1,0,1,1,1,0,1
0,0,1,0,0,0,1,0,1,1,1,1
0,0,1,0,0,1,0,1,1,1,0,1
0,0,0,0,1,0,0,0,0,0,0,0
1,1,1,1,0,1,0,0,1,1,1,1
0,1,1,1,0,1,0,0,1,1,0,1
1,1,1,1,1,0,0,0,1,0,0,1
1,0,1,1,1,1,0,0,1,1,0,1
1,1,1,1,0,1,0,0,0,1,0,1
1,1,1,1,0,1,0,0,1,1,1,1
1,1,0,0,1,0,0,1,1,0,1,0
0,1,1,1,1,1,0,0,1,0,0,1
1,1,0,1,1,1,0,0,0,0,0,0
1,1,1,1,1,1,0,0,1,0,0,1
0,1,0,0,1,0,0,0,0,0,0,0
1,0,0,1,0,1,0,0,0,1,1,1
0,1,1,1,1,1,0,0,1,1,1,1
0,1,1,1,1,1,0,0,1,1,0,1
0,0,0,0,0,0,0,0,0,1,0,0
0,0,1,1,0,1,1,0,1,1,0,1
1,1,1,1,0,1,0,1,1,1,0,1
0,1,1,1,1,1,0,0,1,1,0,1
0,0,0,0,0,0,0,0,0,0,0,0
1,1,0,1,0,1,0,0,1,0,0,1
0,1,1,1,0,1,0,0,1,1,0,1
0,0,1,1,1,1,0,0,0,1,0,0
0,0,0,0,1,0,0,0,0,0,0,0
1,1,1,1,1,1,0,1,1,1,0,1
1,1,1,1,0,1,0,1,1,1,0,1
0,1,1,1,1,1,0,1,1,1,1,1
0,1,1,0,0,0,0,1,1,1,1,1
0,0,1,1,1,1,0,1,1,1,0,1
1,0,0,0,0,1,0,1,0,0,0,1
0,1,1,1,0,1,0,0,1,1,1,0
1,0,1,1,0,1,1,1,1,1,0,1
0,0,1,0,1,0,1,1,1,1,1,1
0,0,1,1,0,1,1,0,0,1,0,1
0,0,1,0,0,0,0,1,1,1,1,1
1,0,1,0,1,0,0,0,1,1,0,1
0,1,1,1,1,1,0,0,1,1,0,1
0,1,1,1,1,1,0,0,1,1,1,1
0,1,0,1,0,1,0,1,0,0,0,1
0,1,1,1,1,0,1,0,1,0,0,0
0,0,0,0,0,0,0,0,1,0,0,1
0,1,1,1,1,1,0,0,1,1,0,1
0,1,1,1,0,1,0,0,1,1,0,1
0,0,1,1,1,1,0,0,1,1,0,1
0,0,1,1,0,1,0,0,1,1,0,1
0,0,1,1,0,0,0,0,1,1,0,1
1,1,1,1,0,1,0,0,1,1,0,1
0,0,1,1,0,1,0,0,1,1,0,1
0,1,1,1,1,1,1,0,1,1,1,1
0,1,1,1,0,1,0,0,1,1,1,0
0,1,1,1,0,1,0,1,1,1,1,1
1,0,1,1,1,1,0,0,1,1,1,1
0,1,1,1,0,1,0,0,0,0,0,0
1,1,1,1,1,1,0,0,1,1,1,1
0,0,1,1,0,1,0,0,1,1,0,1
0,0,1,1,0,1,1,0,1,1,1,1
0,1,0,1,0,1,0,0,0,1,0,1
1,1,1,1,0,1,1,1,1,1,1,1
0,1,1,1,1,1,1,1,1,1,1,1
0,0,1,1,0,1,0,0,1,1,0,1
0,1,1,0,0,1,1,0,1,1,0,1
0,0,0,0,0,0,0,0,1,1,1,0
0,0,0,0,0,1,0,0,0,0,0,0
0,1,1,1,0,1,0,1,1,1,1,1
0,0,0,1,0,1,0,0,0,1,0,1
0,1,1,0,0,0,0,0,1,1,1,1
1,1,1,1,1,1,0,1,1,1,0,1
1,0,1,1,1,1,0,0,1,0,1,0
0,1,1,1,1,1,0,1,1,0,0,0
1,1,1,1,0,1,0,0,1,1,0,1
0,1,1,1,0,1,0,0,0,1,0,0
0,1,1,1,0,1,0,1,1,0,0,1
0,1,0,0,0,0,0,0,0,0,0,0
0,0,1,0,1,0,0,0,1,1,0,1
1,0,1,1,0,1,1,0,1,1,1,1
0,1,1,1,1,1,0,0,1,0,0,1
1,1,1,1,1,0,0,0,1,0,0,1
0,1,0,0,1,0,0,1,0,1,0,0
0,1,0,1,0,1,0,0,0,0,0,0
0,1,1,1,0,1,1,0,1,1,0,1
0,1,1,1,1,1,1,1,1,1,1,1
0,1,1,1,1,1,0,0,1,0,1,0
0,1,1,1,0,1,0,0,0,1,0,1
0,1,1,1,0,1,1,1,1,1,0,1
0,1,1,1,1,1,0,0,1,1,0,1
1,0,1,1,1,1,0,0,0,1,1,0
1,1,0,1,1,1,0,0,0,1,0,0
0,0,1,0,0,0,0,1,1,1,0,1
1,1,1,1,1,0,0,1,1,0,0,1
1,0,1,1,1,1,0,0,1,1,1,1
0,1,1,1,0,1,0,1,1,1,0,1
1,0,1,0,1,1,1,0,0,1,1,0
0,0,1,1,0,1,0,0,1,0,0,1
1,1,1,1,1,1,1,0,1,1,1,1
0,0,1,0,1,0,0,1,1,1,0,1
1,1,1,1,0,1,0,0,1,1,1,1
0,1,1,1,0,1,0,0,1,1,0,1
1,0,0,1,0,1,0,1,0,0,0,0
0,1,1,1,1,1,1,0,1,1,0,0
1,1,1,1,1,1,0,1,1,0,0,1
0,0,1,1,0,1,1,0,1,1,1,1
0,1,1,1,1,1,0,0,1,1,0,1
1,1,1,1,1,1,0,1,1,1,0,1
0,1,0,0,0,1,0,1,1,1,0,1
0,1,1,1,0,1,0,1,1,0,0,1
1,0,1,1,0,1,0,0,1,1,0,0
1,0,0,0,0,0,0,0,0,1,1,1
0,0,0,0,0,0,0,0,0,0,0,0
0,1,1,1,1,1,0,0,1,0,0,1
0,1,0,0,1,0,0,0,0,1,0,0
0,0,1,1,0,1,0,0,0,1,0,1
0,1,1,1,1,1,0,0,0,1,1,0
0,1,1,1,1,1,0,1,1,1,1,1
1,1,1,1,0,1,0,0,1,0,0,1
0,1,1,1,0,1,0,0,0,1,1,1
0,0,0,0,1,1,0,0,1,1,0,1
1,1,1,1,1,1,1,0,1,1,1,1
0,0,0,1,1,1,0,1,0,1,1,1
0,1,1,1,1,1,1,0,1,1,1,1
0,1,1,1,1,1,1,1,1,0,0,1
0,1,0,1,1,1,0,0,1,1,0,1
0,1,1,0,1,0,0,0,0,0,0,1
1,1,0,1,1,1,0,0,1,0,0,0
0,0,0,0,0,0,0,1,1,1,1,1
0,1,1,1,1,1,0,0,1,1,0,1
0,0,0,0,1,0,0,0,0,0,0,0
0,1,1,1,0,1,0,1,1,0,0,1
0,0,0,1,0,1,0,1,1,1,0,1
0,0,1,0,1,0,0,0,0,1,0,1
0,1,1,1,1,1,0,0,1,1,0,1
0,1,1,1,0,1,1,0,0,0,0,0
1,1,1,0,1,0,1,1,1,1,1,1
0,1,1,1,0,1,0,1,1,1,1,1
1,0,1,1,0,1,1,0,0,1,0,0
1,0,1,1,1,1,0,0,1,1,0,1
1,1,1,1,1,1,0,0,0,1,0,0
1,1,1,1,1,1,0,1,1,1,1,1
1,0,1,1,0,1,0,1,1,0,0,1
0,0,1,1,1,1,0,0,0,1,0,1
1,1,0,1,1,1,0,0,1,0,0,1
0,1,1,1,0,1,0,0,0,1,0,1
0,1,0,1,0,1,0,0,1,1,0,1
1,1,1,1,0,1,0,0,1,1,0,1
1,0,1,1,1,1,0,0,1,1,0,1
0,1,1,1,1,1,0,0,1,1,0,0
0,1,1,1,1,1,0,1,1,0,0,1
1,1,1,1,0,1,0,0,1,1,1,1
0,1,1,1,0,1,0,0,1,0,0,0
0,1,1,1,0,1,0,0,0,1,0,0
0,1,1,1,0,1,1,1,1,1,1,1
0,1,1,1,1,1,0,1,1,1,0,1
0,1,1,1,0,1,0,0,1,1,0,1
0,1,0,1,0,1,0,0,0,0,0,0
1,0,1,1,1,1,0,0,1,0,0,1
0,1,0,1,0,1,0,0,0,1,0,1
0,0,0,0,0,1,0,0,0,0,0,0
0,0,1,1,1,1,1,0,1,1,1,1
0,1,1,1,0,1,0,0,1,1,0,1
0,1,1,1,0,1,1,1,1,1,1,1
1,1,1,1,0,1,1,0,0,1,1,0
0,1,1,1,1,1,0,1,1,1,1,1
1,0,0,1,0,1,0,1,1,1,1,1
1,1,1,1,0,1,1,0,1,1,1,1
0,1,1,1,0,1,1,0,0,0,0,1
1,1,1,1,0,1,0,0,0,0,0,0
1,0,1,1,1,1,0,1,1,1,0,1
0,1,1,1,0,1,1,0,0,1,1,1
0,1,1,1,0,1,0,0,0,1,1,1
0,0,1,0,0,1,0,1,1,1,1,1
1,1,1,1,1,1,0,0,1,1,1,1
0,1,0,1,0,1,0,1,1,1,0,0
1,1,1,1,1,1,0,0,1,0,0,1
0,0,0,0,0,1,0,0,0,1,0,0
0,1,1,1,0,1,0,0,1,1,0,1
